image: map.pgm
resolution: 0.040000
origin: [-60.000000, -60.000000, 0.000000]
negate: 0
occupied_thresh: 0.55
free_thresh: 0.196

